1309.75 426.10 4370.22
1352.27 436.69 4463.03
1318.18 -294.92 4376.66
1364.19 -330.64 4477.16
1258.10 -297.10 4429.78
1342.36 518.37 4356.47
1406.69 519.37 4392.19
1379.63 519.53 4427.58
1780.55 -390.46 4349.54
1832.93 -448.37 4325.88
2088.19 -379.58 4208.96  
2042.32 -448.27 4230.30
1898.03 -321.60 5054.61
1941.92 -410.97 5053.88
2236.44 -313.55 4903.24
2258.92 -406.69 4894.58
1561.63 278.31 5394.32
1509.03 283.65 5275.72
1559.11 -269.73 5380.59
1510.89 -155.35 5273.86
1834.48 602.01 5261.29
1722.61 601.33 5316.94
1669.03 601.63 5221.32
1761.28 602.18 5187.74
1599.84 73.40 5408.73
1601.75 -19.91 5407.27
1604.74 -183.01 5404.86
1606.40 -311.36 5403.26
2838.30 388.58 5835.10
2333.31 365.03 6059.05
2811.85 -445.64 5840.03
2359.44 -527.50 6040.13
2227.14 -476.55 6147.40
2247.65 -526.20 6193.31
2225.01 -938.36 6138.75
2246.21 -984.80 6186.13
2514.89 768.26 6009.82
2347.53 767.15 6094.35
2324.01 766.95 6113.84
2636.11 768.01 5974.32
19.40 -35.11 20.40
21.86 32.88 19.48
56.86 -26.32 28.91
56.09 31.68 28.27
27.87 59.43 24.48
-16.38 59.01 21.32
137.66 54.59 -85.74
198.86 -45.54 -83.98
172.01 89.10 -120.43
-119.92 71.89 -132.32
242.27 56.15 -113.72
246.86 -28.80 -98.19